13880000
14110000
14230000
14250000
14260000
14280001
14300000
14330000
14420000
14495000
14515000
14550000
14680001
14710000
15030000
15050000
15120001
15250000
15320002
15430000
15431000
15432000
15550000
15558000
15560000
15580000
15630000
15700000
15750000
15800000
15830000
15910000
16700000
17050001
17090000
17093000
17120000
17200000
17280000
17340000
17345000
17350000
17730000
18200000
18250000
18280000
18420000
18460000
18650000
18850000
19100000
19150000
20050000
20250000
21500000
21850000
22680000
22700000
22900000
23100000
23250000
23300000
23600000
23700000
24050000
24200000
24500000
24700000
24750000
24780000
24800000
24850000
24900000
24950000
25130000
25200000
25700000
25950000
26050000
26100000
26300000
26350000
27500000
28150000
28300000
28850000
29050000
29100000
29700000
30300000
30400000
31700000
32450002
32620000
32740000
32830000
33025000
33170000
33190000
33205000
33250000
33260000
33270000
33281000
33290000
33321000
33330000
33380000
33420000
33450000
33460000
33480000
33520000
33530000
33550000
33590000
33620000
33630000
33680000
33730000
33760000
33780000
34020000
34060000
34090000
34130000
34170000
34251000
34270000
34770000
34940000
34980000
35260000
36045000
36160000
36250000
36290000
36390000
36580000
37380000
37410000
37470000
37515000
38170000
38485000
38650000
38830000
38850000
38860000
38895000
39084010
39185000
39360000
39540000
39560000
39770000
39980000
40070000
40100000
41650002
41818000
41990000
42210000
42395000
42690001
42980000
43200000
43429998
43670000
43880000
44200000
44250000
44290002
44500000
44540000
44670000
45210000
45260000
45298000
45480000
45910001
45960001
46035000
46105000
46150000
46360000
46550000
46610000
46650000
46675000
46790000
46830000
46870000
46902000
48020000
48290000
48590000
49330000
49370000
49660000
49705000
50191000
50250000
50290000
50420000
50465000
50520000
50540000
50595000
50620000
50660000
50720000
50730000
50740000
51120000
51140000
51170000
51190000
51230000
51240000
51280000
51330000
51430000
51440000
51560000
51795000
54010005
54110002
54150000
54165000
54195000
54230000
54260000
54300000
54390000
54500000
54580000
54590000
54710000
54770000
54780000
54950000
55340000
55360000
55370000
55380000
55460000
55490000
55510000
55520001
55560000
55610000
55630000
55660000
55699998
55790000
55850000
55900000
55920000
55960000
56028000
56055000
56065000
56075000
56085000
56090000
56240000
56335001
56385000
56415000
56484998
56539000
56570000
56610000
56640000
56775000
56800000
56825000
56845000
56846000
56850000
56860000
56870000
56891900
56920000
56940002
56976000
56983000
56990000
56990990
56991500
56992000
56993551
56995500
57130000
57170000
57250000
57300000
57320000
57350000
57360000
57370000
57400000
57420000
57450000
57490000
57550000
57580000
57700000
57720000
57740000
57770000
57830000
57930000
58030000
58060000
58099000
58142200
58183000
58204000
58220000
58258000
58270000
58380001
58405000
58420000
58425000
58434000
58440000
58470000
58480500
58500000
58516500
58520000
58525000
58530000
58535000
58542000
58550001
58560000
58573000
58585000
58610000
58630002
58645000
58658000
58670002
58710000
58720000
58730001
58735000
58755000
58765001
58770000
58795000
58825000
58827000
58850000
58870000
58874000
58910000
58916000
58917000
58920000
58930000
58940000
58960000
58974000
59120000
59125000
59135000
59240000
59355000
59370000
59380000
60010000
60011000
60040000
60100000
60110000
60130000
60145000
60150000
60220000
60250000
60265000
60381000
60432000
60615000
60635000
60640000
60642000
60650000
60653000
60654000
60665000
60680000
60715000
60750000
60765000
60772000
60774000
60778000
60781000
60785005
60790000
60798000
60810000
60845000
60850000
60855000
60870000
60895000
60910000
60925001
60930000
60940000
60950000
60970000
61009000
61012000
61014000
61024000
61031000
61045000
61052000
61060000
61075000
61078000
61085000
61090000
61100000
61105000
61107000
61115000
61122000
61135000
61173000
61267000
61271000
61295000
61460000
61473000
61500000
61510000
61520000
61537000
61610000
61700000
61770000
61800500
61815000
61826000
61830000
61861000
61865000
61879000
61886000
61902000
61912000
61915000
62395000
62600000
62615000
62625000
62665000
62670000
62760130
63350100
63900001
63955000
64065000
64360000
64362000
64380000
64382000
64442800
64447000
64465000
64501000
64507000
64508500
64550000
64613000
64617000
64620000
64625000
64645000
64652000
64655000
64659000
64673000
64675002
64682000
64685000
64693000
64715001
64771500
64773000
64775000
64785000
64795000
64799500
64810000
64815000
64820000
64830000
64843000
65010000
65015400
65025000
65027000
65094500
65095000
65135000
65136550
65220000
65310000
65365000
65925000
65945000
65948000
65960000
65979000
66260001
67100000
70100000
70200000
70300000
70500000
71200000
71250000
71300000
71383000
71498000
71550000
72430000
72630000
72680000
72715000
72810000
72870000
73300000
73330000
73350000
73600000
73690001
73765000
73770000
73780000
73820000
73900000
73960000
74100000
74205000
74270000
74295000
74320000
74370000
74460000
74470000
74700000
74750000
74800000
74880000
74900000
75550000
76310000
77150000
81125000
81140000
81200000
82009080
82170000
82320000
82350000
82770000
83050000
83105000
83250000
83300200
83345000
83440000
83660000
83675000
83690000
83800002
83880000
84071000
84095000
84100000
84520000
84551000
84580000
84600000
84853000
85400000
85438000
85480000
85900000
86100000
86160000
86410000
86420000
86480000
86500000
86510000
86560000
86580000
86700000
86745000
87170000
87380000
87382000
87450100
88575000
88750000
88850000
12400000
20200000
21300000
21560000
22050001
22500000
25100000
26040000
31490000
31520000
31600000
32400000
33075000
34660000
40040000
40053000
40060001
40150000
40170000
40185000
40269900
40300001
40330000
40500000
40530000
40680000
40740000
40800001
40810350
40810800
40811100
40823500
40850000
40930000
40975000
41050000
41135000
41199998
41260000
41380000
41410000
41440005
41685000
41780002
41890000
42187000
42250000
42257000
42365000
42435000
42460000
42490000
42546000
42840000
42860000
45170001
45590000
45740001
45770000
45880000
46415000
46455000
46490000
46543000
46570000
46590000
46770000
46998000
47249000
48850000
53790000
58442000
58826000
58846000
58857000
58880001
60030000
60435100
60477400
60477600
60478500
60478600
60500000
60540000
61175000
61565000
61795000
61910000
61956001
62095100
62110000
62496001
62676000
62772500
63160000
64346000
64370000
64491000
65019700
65415000
65855000
66006000
66008000
66160000
75155000
75205000
75450000
76100000
76300000
76440000
76460000
81380000
81683000
84950000
87160000
87399000
87400000